2,2,0.97697
15,2,0.28097
37,1,0.14405
37,2,-1.5529
38,2,-0.25319
40,1,0.16709
40,2,0.37502
43,1,0.29791
43,2,0.45044
49,1,1.6605
49,2,0.36127
62,2,0.6118
70,1,-0.7444
75,1,-0.87599
75,2,-0.041801
79,1,-0.99954
81,1,1.0555
81,2,-0.23151
82,1,0.11634
86,1,-0.071051
86,2,0.4721
90,1,-0.16223
90,2,-0.27974
94,1,0.67885
94,2,1.0415
115,1,-0.26204
115,2,0.35939
127,1,0.2971
127,2,0.24481
129,1,0.62206
129,2,-0.33625
137,2,0.10247
140,1,0.80207
140,2,0.6645
143,1,0.95933
143,2,-0.38494
146,1,0.50186
146,2,0.071676
156,1,0.34984
156,2,0.14225
164,1,0.01873
164,2,1.597
2,1,1.5183
15,1,0.31553
38,1,-0.46697
104,1,0.48033
104,2,0.40957
165,1,0.65345
165,2,-0.29946
173,1,1.2009
173,2,0.63531
177,1,0.060705
177,2,0.85883
188,1,0.20349
188,2,0.99469
190,1,0.45284
190,2,-0.094889
191,1,0.44341
191,2,0.53216
194,1,1.9477
194,2,-1.5108
197,1,0.39645
197,2,-0.18702
202,1,0.66134
202,2,0.36095
210,1,0.23829
210,2,-0.01557
215,1,0.39996
215,2,0.27547
222,1,-0.79719
222,2,0.34584
227,1,0.19791
227,2,-0.30707
229,1,-0.92501
229,2,0.61761
233,1,-0.83163
233,2,0.84573
240,1,-0.26045
240,2,-0.18573
245,1,0.26219
245,2,0.12955
249,1,0.50537
249,2,0.45242
250,1,0.95178
250,2,0.14242
253,1,-0.11086
253,2,0.5168
263,1,0.26526
267,1,0.3482
267,2,-1.152
276,1,0.8357
276,2,0.11417
286,1,2.0433
286,2,0.5685
295,1,-1.0974
295,2,-0.77917
299,1,-0.24483
299,2,0.39223
306,1,-0.15632
306,2,-0.17577
313,1,-1.0075
313,2,-0.23414
315,1,-0.10516
315,2,-0.17001
342,1,-0.28678
342,2,-0.59823
352,1,-0.63436
352,2,-0.26737
354,1,0.44959
354,2,-0.017004
356,1,-0.57695
356,2,-0.066048
357,1,0.99816
357,2,0.36889
358,1,0.4255
358,2,0.60353
364,1,-0.029477
364,2,0.8532
376,1,-0.27592
376,2,-0.21692
379,1,0.20491
379,2,0.45984
383,1,-0.60581
383,2,-0.88335
389,1,0.57941
389,2,0.074183
410,1,0.70648
410,2,0.0414
411,1,0.13066
411,2,-0.80578
425,1,-0.20836
425,2,-0.14319
426,1,0.89557
426,2,-1.1325
427,1,0.12279
427,2,0.61241
429,1,0.72142
429,2,0.1213
431,1,-0.36929
431,2,-0.35244
433,1,0.45445
433,2,0.88959
436,1,-0.24615
436,2,1.6488
441,1,0.72741
441,2,1.8414
446,1,-0.45339
446,2,-0.20253
448,1,0.43178
448,2,0.28477
451,1,0.49987
451,2,0.48462
457,1,-0.32274
457,2,0.53017
460,1,0.26677
460,2,0.15863
466,1,-0.34427
466,2,-0.32799
470,1,0.32175
470,2,0.32709
472,1,0.56905
472,2,-0.31539
475,1,0.96236
475,2,0.38899
497,1,1.5483
497,2,0.9249
