2,2,1.8918,1.098,0.43971
15,2,0.65241,0.57245,0.84748
37,1,1.1399,1.25,0.56482
37,2,-0.24837,-0.64431,-0.53552
38,2,1.4457,1.0778,1.5366
40,1,0.38901,-0.16598,0.043704
40,2,0.24995,0.39458,0.10523
43,1,0.77677,0.43709,0.69123
43,2,0.7191,0.7462,0.81889
49,1,0.92431,1.018,0.42647
49,2,0.15481,-0.14316,-0.59216
62,2,0.081154,-0.2332,0.38681
70,1,0.72612,0.81826,0.74774
75,1,-0.30603,-0.70456,-0.4098
75,2,0.44525,1.4102,1.3059
79,1,0.8734,0.17113,0.69202
81,1,2.8736,1.2327,0.33901
81,2,-0.60027,-0.25671,-0.28537
82,1,0.36542,0.11611,0.49522
86,1,1.4061,0.97255,0.87144
86,2,1.2061,0.76573,0.65374
90,1,-0.19977,-0.089541,-0.39984
90,2,1.6606,1.3774,1.3057
94,1,0.78801,0.62601,0.5943
94,2,0.60976,0.033448,0.2027
115,1,-0.40062,-0.85657,-0.6259
115,2,0.28856,-0.13261,-0.063814
127,1,0.1551,-0.70266,0.028186
127,2,-0.21326,-0.9596,-0.4048
129,1,0.84496,0.40644,0.99691
129,2,0.57432,0.054028,-0.48171
137,2,1.7565,1.2394,1.1501
140,1,0.26283,-0.29575,-0.63791
140,2,0.22712,0.32518,-0.1351
143,1,0.065889,-0.66949,-0.06838
143,2,-0.39043,-0.25234,0.0075289
146,1,0.1408,-0.046644,0.081376
146,2,0.36738,-0.17622,0.21859
156,1,0.44507,0.29341,0.085139
156,2,0.12667,-0.53421,-1.1035
164,1,0.51692,0.39624,0.11325
164,2,0.90232,1.2527,1.0512
2,1,0.85398,1.0174,0.93784
15,1,0.74935,0.53023,0.53738
38,1,0.83142,0.53414,0.40944
104,1,1.3188,0.93776,0.99417
104,2,1.042,0.091679,0.1137
165,1,1.0299,0.65763,0.9302
165,2,-0.04297,-0.44912,-0.62895
173,1,1.0989,0.70715,1.2647
173,2,0.77793,0.4285,0.50973
177,1,0.85548,0.38991,0.25168
177,2,0.31587,0.079186,0.2931
188,1,1.9086,0.86134,0.97384
188,2,0.99201,0.15569,0.27682
190,1,0.27736,0.27255,0.26417
190,2,-0.33813,-0.84854,-0.73434
191,1,0.61197,0.74294,0.45033
191,2,-0.080553,0.23925,0.072185
194,1,-0.067812,-0.67176,-0.30482
194,2,-0.27625,-0.46515,-0.91903
197,1,-0.94472,-0.027088,-0.047419
197,2,-0.040649,-0.2412,0.32061
202,1,0.20269,0.064084,0.27305
202,2,-0.45473,-1.4847,-1.311
210,1,0.41662,-0.0348,0.46201
210,2,0.76949,-0.12213,0.20274
215,1,0.68247,0.58024,0.507
215,2,0.39314,0.34595,0.20058
222,1,0.7294,1.1899,0.96916
222,2,-0.15012,0.26062,0.30492
227,1,0.55319,0.26517,0.61563
227,2,0.23462,-0.090913,-0.12158
229,1,0.82733,0.66438,0.3635
229,2,1.1718,0.79748,0.56118
233,1,0.34855,0.38436,0.24967
233,2,-0.80276,0.17666,0.023066
240,1,0.72457,0.36373,0.15382
240,2,0.28235,0.13241,-0.22396
245,1,1.4047,0.67584,1.1196
245,2,1.1306,0.39231,0.1799
249,1,1.5582,0.55758,0.73683
249,2,1.0832,0.13155,0.70031
250,1,-0.0092518,-0.458,-0.53201
250,2,0.65909,0.0058035,-0.046931
253,1,-0.0068489,-0.43059,-0.2221
253,2,1.0319,0.62878,0.48395
263,1,0.30554,0.13238,0.20103
267,1,0.76398,0.12175,0.33421
267,2,-0.44375,0.22172,0.23128
276,1,0.48198,1.3524,0.45754
276,2,2.3406,1.5089,0.92543
286,1,2.576,1.1254,1.3377
286,2,1.6716,-0.24247,1.0251
295,1,0.27761,0.0044854,0.429
295,2,0.35834,0.89799,0.81049
299,1,-0.30723,-3.1169,-4.1892
299,2,1.0049,0.64508,0.034641
306,1,0.33115,-0.15598,0.4251
306,2,0.38698,0.26563,0.1924
313,1,-0.40481,-0.15925,-0.48766
313,2,-2.3406,0.90027,1.4629
315,1,-1.0205,-1.327,-0.49099
315,2,0.76304,1.9151,1.0455
342,1,0.29951,0.074238,0.011715
342,2,0.48612,0.15187,0.26335
352,1,-0.53247,0.73264,0.004971
352,2,-0.76063,-0.29941,-0.2911
354,1,-0.23368,-0.42558,0.23743
354,2,-0.15447,0.013508,0.37788
356,1,-0.19432,-0.4448,-0.62168
356,2,0.19366,0.45483,0.40542
357,1,0.84583,0.69616,0.91238
357,2,0.41509,-0.10435,0.096129
358,1,0.57293,0.47411,-0.20094
358,2,0.32866,0.74244,0.25056
364,1,0.71275,0.86789,1.0951
364,2,0.63367,0.017275,0.4983
376,1,-1.0648,-0.66902,-0.68296
376,2,0.40408,1.3786,0.91238
379,1,-0.0083166,-0.070373,-0.12378
379,2,0.094225,0.025924,-0.077834
383,1,0.013942,-0.2226,-0.078841
383,2,-0.26131,-0.11825,-0.19515
389,1,0.76334,0.45002,0.20581
389,2,0.57077,0.2843,0.025587
410,1,1.8104,1.6871,0.88365
410,2,0.53948,0.61534,0.73407
411,1,-0.076884,0.077232,-0.074226
411,2,0.01952,-0.2438,-0.25682
425,1,0.41321,-0.43434,-0.30243
425,2,0.23889,0.040421,0.20205
426,1,0.87632,0.92433,1.3641
426,2,0.50847,-0.24761,-0.64113
427,1,0.46727,-0.01346,0.45249
427,2,-0.24772,-0.43563,-0.95338
429,1,0.096925,0.60522,0.51796
429,2,0.45834,0.49556,0.62465
431,1,0.43784,-0.70066,-0.48746
431,2,-0.23038,-0.16201,-0.13168
433,1,-0.052621,0.83407,0.60336
433,2,0.57049,0.34607,0.86193
436,1,0.92588,0.92042,0.89608
436,2,0.052143,0.46237,0.59452
441,1,0.28155,0.41799,0.27408
441,2,0.52469,0.52279,0.68978
446,1,0.24089,-0.51979,-0.45589
446,2,1.1126,0.84119,0.20089
448,1,0.025889,0.25721,-0.41964
448,2,-0.068641,-0.029248,0.062632
451,1,0.08515,1.9041,1.4295
451,2,-0.035238,-0.39668,0.16625
457,1,0.77586,0.012378,-0.12019
457,2,0.64817,0.55501,0.33716
460,1,0.20695,0.19297,0.24106
460,2,0.44405,0.39036,0.37793
466,1,0.013604,0.15314,0.052373
466,2,0.70961,0.31483,0.24364
470,1,0.60081,0.26539,0.54675
470,2,0.13369,0.10552,-0.44993
472,1,0.29653,0.00052196,0.43465
472,2,-0.08036,0.80395,0.86111
475,1,-0.64425,-0.86705,-0.60311
475,2,0.42516,-0.14316,0.1142
497,1,1.1458,0.048152,-0.027651
497,2,0.48935,1.3815,0.47176
