2,2,1.1393
15,2,0.4363
37,1,0.57021
37,2,-0.65025
38,2,1.0528
40,1,0.1767
40,2,0.17076
43,1,0.38137
43,2,0.49087
49,1,0.3985
49,2,-0.27787
62,2,-0.0077572
70,1,0.71729
75,1,-0.16174
75,2,0.88986
79,1,0.33515
81,1,0.65329
81,2,-0.22826
82,1,-0.042013
86,1,0.49295
86,2,0.19955
90,1,-0.32893
90,2,1.024
94,1,0.32665
94,2,0.14203
115,1,-0.56392
115,2,0.020341
127,1,0.20884
127,2,0.11451
129,1,0.68294
129,2,0.29692
137,2,0.95054
140,1,-0.094852
140,2,0.05712
143,1,-0.2625
143,2,-0.014058
146,1,0.14563
146,2,0.12186
156,1,-0.055634
156,2,-0.73231
164,1,0.31463
164,2,0.94023
2,1,0.76295
15,1,0.1005
38,1,0.56767
104,1,0.92267
104,2,0.25041
165,1,0.79113
165,2,-0.25307
173,1,0.6483
173,2,0.92093
177,1,0.4577
177,2,0.33662
188,1,0.3955
188,2,0.45713
190,1,0.17104
190,2,-0.3945
191,1,0.4332
191,2,0.21383
194,1,0.26037
194,2,-0.37579
197,1,-0.52688
197,2,-0.21994
202,1,-0.0097692
202,2,-0.38837
210,1,0.21819
210,2,0.28575
215,1,0.32623
215,2,0.43692
222,1,0.70146
222,2,-0.026893
227,1,0.13003
227,2,-0.0003464
229,1,0.56324
229,2,0.70768
233,1,0.30606
233,2,-0.40739
240,1,0.40513
240,2,-0.059289
245,1,0.37964
245,2,0.32299
249,1,0.57181
249,2,0.20016
250,1,-0.05655
250,2,0.15705
253,1,0.0040606
253,2,0.20019
263,1,0.23447
267,1,0.42756
267,2,0.11465
276,1,0.53367
276,2,0.72211
286,1,1.3349
286,2,1.1304
295,1,0.39231
295,2,0.63045
299,1,-0.83756
299,2,0.79212
306,1,0.40756
306,2,0.48537
313,1,-0.79489
313,2,-0.26219
315,1,-0.66191
315,2,0.37388
342,1,0.27543
342,2,0.36321
352,1,0.024112
352,2,-0.38725
354,1,-0.16798
354,2,-0.056466
356,1,-0.20107
356,2,0.30418
357,1,1.0784
357,2,0.0057087
358,1,0.33341
358,2,0.36258
364,1,0.49375
364,2,0.44078
376,1,-0.72273
376,2,0.24203
379,1,-0.1637
379,2,0.11476
383,1,-0.29188
383,2,-0.068189
389,1,0.35564
389,2,0.1212
410,1,1.4376
410,2,0.30883
411,1,0.066422
411,2,0.09251
425,1,0.15131
425,2,0.21863
426,1,0.72721
426,2,0.23998
427,1,0.38695
427,2,-0.6244
429,1,-0.017691
429,2,0.30259
431,1,-0.10046
431,2,-0.077996
433,1,-0.048638
433,2,0.31644
436,1,0.6641
436,2,0.3727
441,1,0.26116
441,2,0.52731
446,1,0.021683
446,2,0.45613
448,1,-0.058622
448,2,-0.091237
451,1,0.145
451,2,-0.0022772
457,1,0.4607
457,2,0.26244
460,1,0.12734
460,2,0.24994
466,1,0.18933
466,2,0.33638
470,1,0.41209
470,2,-0.19205
472,1,0.25676
472,2,0.057583
475,1,-0.23878
475,2,0.51658
497,1,0.75585
497,2,0.84361
