2,2,0.65977
15,2,0.1801
37,1,0.065762
37,2,-1.2821
38,2,0.051436
40,1,0.35791
40,2,0.60174
43,1,0.26613
43,2,0.35381
49,1,0.67733
49,2,0.70992
62,2,0.10771
70,1,1.1276
75,1,-0.83
75,2,0.22928
79,1,-0.80356
81,1,0.20813
81,2,-0.25434
82,1,0.36001
86,1,-0.052761
86,2,0.013367
90,1,0.04881
90,2,0.1566
94,1,0.38946
94,2,0.73981
115,1,-0.68788
115,2,0.11756
127,1,0.65597
127,2,0.62945
129,1,0.72992
129,2,0.17228
137,2,0.21998
140,1,0.2917
140,2,0.43295
143,1,0.31577
143,2,0.23931
146,1,0.58229
146,2,-0.38039
156,1,0.5673
156,2,-0.45009
164,1,0.73901
164,2,1.2006
2,1,1.2179
15,1,0.055699
38,1,0.33934
104,1,1.0997
104,2,0.87363
165,1,0.82059
165,2,1.0562
173,1,1.1925
173,2,0.98808
177,1,0.63581
177,2,0.76699
188,1,0.50935
188,2,0.77534
190,1,0.26015
190,2,-0.039507
191,1,0.49699
191,2,0.82928
194,1,1.1868
194,2,-0.30161
197,1,0.54682
197,2,-0.14789
202,1,0.5086
202,2,0.21292
210,1,0.41028
210,2,0.28312
215,1,0.5961
215,2,0.53499
222,1,0.29811
222,2,0.53584
227,1,0.26817
227,2,0.021647
229,1,-0.6087
229,2,0.59466
233,1,0.42131
233,2,0.82123
240,1,0.21412
240,2,-0.17763
245,1,0.58464
245,2,0.37242
249,1,0.29107
249,2,0.42997
250,1,0.58292
250,2,0.60436
253,1,-0.10306
253,2,0.18858
263,1,0.42505
267,1,0.56693
267,2,0.51162
276,1,0.81873
276,2,-0.05684
286,1,1.8119
286,2,1.0716
295,1,-0.19439
295,2,0.20838
299,1,0.43995
299,2,0.90269
306,1,0.52432
306,2,0.48736
313,1,0.13283
313,2,1.1664
315,1,-0.7362
315,2,0.60284
342,1,0.04371
342,2,0.6556
352,1,-0.021183
352,2,0.054648
354,1,0.29507
354,2,-0.068693
356,1,-0.16941
356,2,0.14716
357,1,1.4335
357,2,0.35276
358,1,1.2009
358,2,0.25624
364,1,0.74326
364,2,1.6239
376,1,0.071226
376,2,0.2124
379,1,0.301
379,2,0.93235
383,1,-0.19324
383,2,-0.26859
389,1,0.42614
389,2,0.3904
410,1,0.63209
410,2,0.91072
411,1,0.10089
411,2,0.31129
425,1,1.1468
425,2,1.0078
426,1,0.96522
426,2,0.017437
427,1,0.77217
427,2,1.1505
429,1,1.138
429,2,1.5014
431,1,-0.056471
431,2,0.081879
433,1,0.55658
433,2,1.3838
436,1,0.42584
436,2,0.90825
441,1,0.82772
441,2,1.359
446,1,-0.13532
446,2,0.27565
448,1,1.0627
448,2,0.53127
451,1,0.69137
451,2,0.3043
457,1,0.43408
457,2,0.33411
460,1,0.52321
460,2,0.1615
466,1,0.4806
466,2,-0.1677
470,1,1.169
470,2,-0.02959
472,1,0.46227
472,2,0.31268
475,1,0.67112
475,2,1.0159
497,1,1.4222
497,2,0.82578
