2,2,0.83845
15,2,0.67303
37,1,0.86225
37,2,-1.5861
38,2,0.58233
40,1,0.77893
40,2,1.5701
43,1,0.21566
43,2,0.12175
49,1,1.4109
49,2,1.0926
62,2,0.31622
70,1,1.3865
75,1,-0.76065
75,2,0.39239
79,1,-0.26177
81,1,0.58401
81,2,-0.30608
82,1,0.45088
86,1,0.57143
86,2,1.2173
90,1,0.30005
90,2,0.28837
94,1,0.76585
94,2,0.56814
115,1,-1.0189
115,2,0.58705
127,1,0.67235
127,2,0.84557
129,1,1.4176
129,2,0.52204
137,2,0.75395
140,1,0.39117
140,2,2.2384
143,1,0.29092
143,2,-0.097785
146,1,1.8575
146,2,-0.45605
156,1,0.83173
156,2,-0.31279
164,1,1.0777
164,2,1.3888
2,1,1.5662
15,1,0.41557
38,1,0.0039694
104,1,1.4556
104,2,1.2499
165,1,1.2897
165,2,1.6314
173,1,1.9277
173,2,0.79687
177,1,0.76939
177,2,0.60979
188,1,0.56941
188,2,0.21156
190,1,0.29452
190,2,-0.32368
191,1,-0.048335
191,2,1.4151
194,1,1.8372
194,2,0.34042
197,1,0.73462
197,2,-0.40388
202,1,0.76822
202,2,-0.3601
210,1,0.56218
210,2,-0.098521
215,1,0.99835
215,2,0.44351
222,1,0.57925
222,2,0.17772
227,1,-0.084425
227,2,0.21877
229,1,-1.0725
229,2,0.80116
233,1,0.32461
233,2,0.94308
240,1,0.057132
240,2,0.31979
245,1,0.69177
245,2,0.30455
249,1,0.13118
249,2,0.80641
250,1,0.709
250,2,0.93041
253,1,-0.46957
253,2,0.69939
263,1,0.55471
267,1,0.31411
267,2,0.051821
276,1,1.7031
276,2,-0.29034
286,1,1.462
286,2,-0.08098
295,1,-0.38313
295,2,0.24601
299,1,0.52281
299,2,0.6825
306,1,-0.16859
306,2,1.2991
313,1,1.4447
313,2,1.643
315,1,-1.1643
315,2,0.93377
342,1,0.36471
342,2,0.49507
352,1,0.15127
352,2,0.30647
354,1,0.69129
354,2,0.42266
356,1,-0.34573
356,2,0.13315
357,1,1.3499
357,2,0.96463
358,1,0.93265
358,2,0.5127
364,1,0.86618
364,2,0.72583
376,1,-0.063193
376,2,0.012934
379,1,0.13352
379,2,0.72827
383,1,-0.081874
383,2,-0.33221
389,1,-0.34753
389,2,0.45525
410,1,-1.0416
410,2,-0.13493
411,1,0.47985
411,2,0.36493
425,1,0.0053267
425,2,1.3055
426,1,2.2643
426,2,0.67704
427,1,0.18303
427,2,1.7935
429,1,1.452
429,2,1.1787
431,1,-0.30391
431,2,0.73896
433,1,0.60662
433,2,1.8176
436,1,0.88934
436,2,0.29861
441,1,0.4315
441,2,1.4063
446,1,-0.27257
446,2,0.38599
448,1,0.93286
448,2,0.42973
451,1,0.79054
451,2,0.82688
457,1,0.077491
457,2,-0.08061
460,1,0.64458
460,2,-0.078924
466,1,0.96088
466,2,0.1053
470,1,1.292
470,2,0.00070593
472,1,0.34743
472,2,1.5015
475,1,0.49241
475,2,-0.080456
497,1,0.90047
497,2,0.67641
