2,2,0.94823
15,2,-0.57974
37,1,0.33336
37,2,-0.59116
38,2,-0.0069027
40,1,0.78469
40,2,0.93766
43,1,-0.38519
43,2,-0.33236
49,1,-0.98897
49,2,-0.062973
62,2,-0.058892
70,1,-0.64999
75,1,-0.037103
75,2,-0.15214
79,1,-1.5249
81,1,-1.1321
81,2,-0.19193
82,1,-0.12523
86,1,0.26847
86,2,0.68256
90,1,-1.672
90,2,-0.31061
94,1,0.20958
94,2,-0.41676
115,1,-3.014
115,2,-0.21491
127,1,-0.11562
127,2,-0.17252
129,1,0.91257
129,2,-0.32047
137,2,-0.26354
140,1,-1.1331
140,2,-0.08934
143,1,0.0412
143,2,-0.70982
146,1,-0.32574
146,2,-0.85802
156,1,0.49631
156,2,-1.7759
164,1,0.22287
164,2,1.0626
2,1,-0.85271
15,1,-0.020231
38,1,-1.213
104,1,0.95741
104,2,-0.43651
165,1,-0.83768
165,2,0.0015259
173,1,1.4596
173,2,0.58941
177,1,0.033087
177,2,-1.3057
188,1,-1.032
188,2,-0.88194
190,1,0.090228
190,2,-0.18543
191,1,-1.7171
191,2,1.5609
194,1,-0.7118
194,2,-2.1549
197,1,0.20709
197,2,-0.94895
202,1,0.53722
202,2,-1.3213
210,1,-0.16878
210,2,-2.0184
215,1,-0.17482
215,2,-0.9286
222,1,0.19334
222,2,0.91642
227,1,0.065032
227,2,-1.0044
229,1,-3.2383
229,2,0.14796
233,1,-0.23287
233,2,1.2742
240,1,-1.6588
240,2,-0.85546
245,1,0.0078098
245,2,1.0785
249,1,0.79965
249,2,-0.42645
250,1,1.0621
250,2,-1.246
253,1,-1.3502
253,2,-0.39395
263,1,1.7699
267,1,0.041592
267,2,-1.1548
276,1,1.2231
276,2,-1.7861
286,1,1.7377
286,2,-1.915
295,1,-2.4133
295,2,2.2117
299,1,2.9722
299,2,0.99662
306,1,-0.82917
306,2,1.8347
313,1,0.75426
313,2,1.1646
315,1,0.074753
315,2,0.37481
342,1,0.2929
342,2,1.375
352,1,-0.54639
352,2,0.43558
354,1,-1.1792
354,2,0.65526
356,1,-0.76041
356,2,1.5654
357,1,-0.26629
357,2,-0.056437
358,1,0.6207
358,2,-0.38702
364,1,0.27806
364,2,-0.64269
376,1,0.71196
376,2,0.077228
379,1,-0.37043
379,2,1.1629
383,1,-0.60929
383,2,-0.35708
389,1,-1.6912
389,2,0.30379
410,1,-1.3669
410,2,-0.40368
411,1,1.6171
411,2,-0.19654
425,1,-1.3401
425,2,-0.5684
426,1,0.94483
426,2,1.4225
427,1,0.15177
427,2,1.6486
429,1,-0.31467
429,2,0.15365
431,1,1.6773
431,2,-1.5306
433,1,0.086115
433,2,0.10427
436,1,-0.17884
436,2,-2.035
441,1,-0.37912
441,2,1.442
446,1,-0.87912
446,2,-1.0252
448,1,-0.53314
448,2,0.082298
451,1,0.74834
451,2,-0.278
457,1,-0.89737
457,2,-0.68876
460,1,-0.061727
460,2,-0.72621
466,1,1.2506
466,2,-0.54667
470,1,2.0411
470,2,-0.25196
472,1,-0.82526
472,2,2.3816
475,1,-0.57681
475,2,-0.30219
497,1,0.53153
497,2,-0.44971
