2,2,1.2701
15,2,0.53245
37,1,1.4451
37,2,-0.68695
38,2,1.243
40,1,-0.27168
40,2,0.46802
43,1,0.38614
43,2,0.84281
49,1,0.76143
49,2,0.052153
62,2,-0.15338
70,1,1.0014
75,1,-0.50257
75,2,1.4544
79,1,-0.042154
81,1,1.0294
81,2,-0.37756
82,1,0.021483
86,1,0.73199
86,2,0.63935
90,1,-0.13497
90,2,1.3051
94,1,0.38728
94,2,0.078272
115,1,-0.98614
115,2,-0.29282
127,1,-0.29949
127,2,-0.3452
129,1,0.48454
129,2,0.16556
137,2,1.3433
140,1,-0.33797
140,2,0.34624
143,1,-0.40615
143,2,-0.27031
146,1,0.11403
146,2,-0.11674
156,1,-0.041338
156,2,-0.67013
164,1,0.40229
164,2,1.0646
2,1,0.93342
15,1,0.42293
38,1,0.66112
104,1,1.1194
104,2,0.25301
165,1,1.1493
165,2,-0.055515
173,1,0.77749
173,2,0.73078
177,1,0.54015
177,2,0.13334
188,1,0.6789
188,2,0.2643
190,1,0.32932
190,2,-0.93129
191,1,0.67518
191,2,0.39356
194,1,-0.59082
194,2,-0.44997
197,1,-0.26897
197,2,-0.28133
202,1,0.12448
202,2,-1.2662
210,1,-0.052785
210,2,0.0048065
215,1,0.62876
215,2,0.54837
222,1,1.2892
222,2,-0.022088
227,1,0.2569
227,2,-0.35309
229,1,0.57874
229,2,0.90941
233,1,0.070952
233,2,-0.16178
240,1,0.35048
240,2,0.15003
245,1,0.22059
245,2,0.12884
249,1,0.77128
249,2,0.22402
250,1,-0.45424
250,2,-0.094674
253,1,-0.46318
253,2,0.56361
263,1,-0.043273
267,1,0.085952
267,2,0.070738
276,1,1.3062
276,2,1.1356
286,1,1.0873
286,2,0.14866
295,1,0.098852
295,2,0.63704
299,1,-2.5269
299,2,0.4908
306,1,0.04059
306,2,0.5435
313,1,-0.063789
313,2,0.26935
315,1,-1.1543
315,2,1.5517
342,1,0.1432
342,2,0.078904
352,1,0.60177
352,2,-0.25192
354,1,-0.41836
354,2,0.183
356,1,-0.37581
356,2,0.42617
357,1,0.9895
357,2,-0.072229
358,1,0.20819
358,2,0.66444
364,1,0.49789
364,2,-0.10548
376,1,-1.1456
376,2,0.76163
379,1,0.033466
379,2,0.089234
383,1,-0.23974
383,2,-0.29644
389,1,0.46503
389,2,-0.042724
410,1,1.6771
410,2,0.43749
411,1,-0.026486
411,2,-0.30449
425,1,-0.3307
425,2,0.3054
426,1,0.77835
426,2,-0.28285
427,1,0.10927
427,2,-0.58512
429,1,0.66701
429,2,0.45098
431,1,-0.70739
431,2,0.056167
433,1,0.73944
433,2,0.36195
436,1,0.73642
436,2,0.12902
441,1,0.36077
441,2,0.60946
446,1,-0.44055
446,2,0.62134
448,1,0.14926
448,2,0.038185
451,1,1.4016
451,2,0.062218
457,1,0.1938
457,2,0.58904
460,1,0.095094
460,2,0.41234
466,1,0.19014
466,2,0.20165
470,1,0.53171
470,2,-0.41976
472,1,-0.064347
472,2,0.73968
475,1,-0.82452
475,2,-0.27369
497,1,-0.12659
497,2,1.1272
