2,2,0.91906
15,2,0.36464
37,1,0.52904
37,2,-0.56005
38,2,0.8502
40,1,0.15496
40,2,0.10307
43,1,0.34257
43,2,0.46741
49,1,0.37359
49,2,-0.23384
62,2,-0.014034
70,1,0.58108
75,1,-0.29612
75,2,0.71876
79,1,0.29235
81,1,0.8395
81,2,-0.35532
82,1,0.070492
86,1,0.47952
86,2,0.23828
90,1,-0.26871
90,2,0.98898
94,1,0.2975
94,2,0.15771
115,1,-0.47448
115,2,0.058822
127,1,-0.025948
127,2,-0.033721
129,1,0.54536
129,2,0.16955
137,2,0.91417
140,1,-0.11656
140,2,0.053042
143,1,-0.26617
143,2,-0.19221
146,1,0.10112
146,2,0.097567
156,1,-0.077074
156,2,-0.70526
164,1,0.23017
164,2,0.72314
2,1,0.64308
15,1,0.12914
38,1,0.443
104,1,0.89906
104,2,0.32942
165,1,0.63716
165,2,-0.22301
173,1,0.55679
173,2,0.65245
177,1,0.40184
177,2,0.18587
188,1,0.52897
188,2,0.36195
190,1,0.15501
190,2,-0.46897
191,1,0.39041
191,2,0.11745
194,1,0.042442
194,2,-0.51338
197,1,-0.56719
197,2,-0.094607
202,1,0.031836
202,2,-0.44278
210,1,0.17303
210,2,0.20182
215,1,0.31537
215,2,0.3375
222,1,0.65938
222,2,-0.072119
227,1,0.088209
227,2,-0.032131
229,1,0.38016
229,2,0.5751
233,1,0.19716
233,2,-0.34354
240,1,0.31531
240,2,0.0059161
245,1,0.3713
245,2,0.21975
249,1,0.53142
249,2,0.17862
250,1,-0.19259
250,2,0.069934
253,1,-0.08317
253,2,0.24454
263,1,0.082917
267,1,0.39269
267,2,0.02939
276,1,0.64797
276,2,0.82888
286,1,1.2186
286,2,0.49686
295,1,0.32958
295,2,0.49026
299,1,-1.327
299,2,0.75042
306,1,0.24756
306,2,0.41446
313,1,-0.5937
313,2,-0.40882
315,1,-0.72533
315,2,0.41957
342,1,0.18858
342,2,0.19071
352,1,-0.044148
352,2,-0.26967
354,1,-0.22014
354,2,-0.029555
356,1,-0.1986
356,2,0.26168
357,1,0.9752
357,2,-0.12177
358,1,0.2467
358,2,0.23828
364,1,0.37903
364,2,0.36089
376,1,-0.73401
376,2,0.22566
379,1,-0.11727
379,2,0.13481
383,1,-0.23985
383,2,-0.14828
389,1,0.31825
389,2,0.088901
410,1,1.1999
410,2,0.1774
411,1,-0.0082687
411,2,-0.069235
425,1,0.13934
425,2,0.19909
426,1,0.73355
426,2,0.16117
427,1,0.30678
427,2,-0.36629
429,1,0.076638
429,2,0.36227
431,1,-0.17279
431,2,-0.03696
433,1,0.092471
433,2,0.29136
436,1,0.54517
436,2,0.18101
441,1,0.25793
441,2,0.49211
446,1,-0.034808
446,2,0.38527
448,1,0.00056209
448,2,-0.082169
451,1,0.2979
451,2,-0.062213
457,1,0.32803
457,2,0.30449
460,1,0.035079
460,2,0.217
466,1,0.08464
466,2,0.39043
470,1,0.32131
470,2,-0.17269
472,1,0.14927
472,2,0.1614
475,1,-0.40672
475,2,0.40282
497,1,0.49011
497,2,0.53083
