2,2,0.81798
15,2,-0.25073
37,1,-0.34318
37,2,-1.5244
38,2,-0.13742
40,1,0.51541
40,2,0.98219
43,1,-0.68449
43,2,-0.13223
49,1,-1.3778
49,2,-0.85142
62,2,-0.043415
70,1,-0.96347
75,1,-0.028615
75,2,0.13928
79,1,-0.42695
81,1,-1.9608
81,2,-0.43578
82,1,-1.149
86,1,0.10562
86,2,1.1045
90,1,-1.7402
90,2,-0.65713
94,1,0.77589
94,2,-0.13688
115,1,-1.8384
115,2,-0.054561
127,1,-1.0231
127,2,-0.82775
129,1,-0.59188
129,2,-0.91437
137,2,-0.91174
140,1,-1.1795
140,2,1.604
143,1,0.1001
143,2,-0.070417
146,1,-0.3383
146,2,-1.5716
156,1,0.58996
156,2,-1.9173
164,1,0.36788
164,2,0.90483
2,1,-0.53138
15,1,-0.15888
38,1,-0.95343
104,1,1.4383
104,2,0.044238
165,1,-0.16151
165,2,1.2373
173,1,1.7897
173,2,0.92441
177,1,0.072732
177,2,-0.36494
188,1,-0.61001
188,2,-0.41198
190,1,-0.14922
190,2,-0.71305
191,1,-2.3487
191,2,2.2026
194,1,-0.51572
194,2,-0.47633
197,1,0.036054
197,2,-0.83455
202,1,0.92159
202,2,-0.51097
210,1,-0.23575
210,2,-1.0144
215,1,-0.62893
215,2,-0.46204
222,1,-0.0079277
222,2,1.2015
227,1,0.40503
227,2,-0.7988
229,1,-3.4027
229,2,-0.3961
233,1,-0.26313
233,2,0.68449
240,1,-1.5831
240,2,-0.098804
245,1,0.47858
245,2,0.82359
249,1,-0.080517
249,2,-0.41538
250,1,0.95676
250,2,-0.083112
253,1,-1.5313
253,2,-0.0038124
263,1,0.53564
267,1,-0.19337
267,2,-1.2396
276,1,1.7502
276,2,-1.7335
286,1,1.8271
286,2,-1.4542
295,1,-2.2593
295,2,4.0231
299,1,1.0481
299,2,-0.37694
306,1,-0.030295
306,2,1.5059
313,1,1.8667
313,2,2.0039
315,1,-0.71797
315,2,0.40537
342,1,0.98088
342,2,0.69598
352,1,0.16115
352,2,0.34657
354,1,-0.21311
354,2,1.1972
356,1,0.089206
356,2,1.22
357,1,0.57462
357,2,0.7778
358,1,0.15462
358,2,-0.74214
364,1,0.69851
364,2,-1.3305
376,1,0.20172
376,2,-0.19601
379,1,-0.43469
379,2,0.22696
383,1,-0.19518
383,2,0.004665
389,1,-1.239
389,2,0.63142
410,1,-2.5697
410,2,-0.67948
411,1,-0.42017
411,2,-1.3717
425,1,-0.49321
425,2,-0.6996
426,1,2.6617
426,2,1.2411
427,1,0.084588
427,2,1.107
429,1,-0.30489
429,2,0.84983
431,1,1.3131
431,2,0.53322
433,1,-0.27612
433,2,1.6541
436,1,0.36957
436,2,-1.3215
441,1,0.089212
441,2,0.64584
446,1,-0.84905
446,2,-0.34052
448,1,-0.91713
448,2,0.72728
451,1,0.60529
451,2,-0.092578
457,1,-0.90302
457,2,-1.1543
460,1,0.69364
460,2,-0.13173
466,1,0.40893
466,2,-1.2305
470,1,1.4489
470,2,0.16776
472,1,0.57485
472,2,2.6574
475,1,-1.2986
475,2,-0.6197
497,1,0.12181
497,2,0.51246
