2,2,0.51414
15,2,0.24864
37,1,0.13256
37,2,-0.95486
38,2,0.036857
40,1,-0.014926
40,2,0.39691
43,1,0.41145
43,2,0.54636
49,1,0.62493
49,2,0.64722
62,2,0.12234
70,1,0.78561
75,1,-0.15712
75,2,0.62584
79,1,-0.11189
81,1,-0.27972
81,2,-0.094883
82,1,0.83693
86,1,0.60622
86,2,0.57005
90,1,0.21259
90,2,0.81389
94,1,0.50398
94,2,0.14391
115,1,-1.0156
115,2,0.28892
127,1,0.60915
127,2,0.70181
129,1,0.69
129,2,0.4785
137,2,0.36172
140,1,0.29185
140,2,0.50332
143,1,0.086443
143,2,0.18344
146,1,0.48807
146,2,-0.26926
156,1,0.58814
156,2,-0.3594
164,1,0.42562
164,2,1.3216
2,1,0.86808
15,1,0.28748
38,1,0.080218
104,1,0.56797
104,2,0.55375
165,1,0.14805
165,2,0.85242
173,1,0.98404
173,2,0.5478
177,1,0.47397
177,2,0.39201
188,1,0.18884
188,2,0.49415
190,1,0.28786
190,2,-0.0088308
191,1,0.76764
191,2,0.55538
194,1,0.54851
194,2,-1.0333
197,1,0.44368
197,2,0.1379
202,1,0.72437
202,2,0.102
210,1,0.15529
210,2,0.10464
215,1,0.71757
215,2,0.54643
222,1,0.13972
222,2,0.52217
227,1,0.19391
227,2,0.1014
229,1,-0.95682
229,2,0.45434
233,1,0.59902
233,2,0.95453
240,1,0.48211
240,2,0.014634
245,1,0.36373
245,2,0.29448
249,1,0.12117
249,2,0.3829
250,1,0.30867
250,2,0.27074
253,1,-0.34403
253,2,0.48826
263,1,0.54371
267,1,0.30414
267,2,0.18989
276,1,1.0803
276,2,-0.36243
286,1,1.0497
286,2,0.91337
295,1,0.56093
295,2,0.32612
299,1,-0.17811
299,2,0.31298
306,1,0.76639
306,2,0.29917
313,1,0.66001
313,2,1.3875
315,1,-0.28012
315,2,0.44362
342,1,0.019499
342,2,0.98838
352,1,0.10458
352,2,0.076307
354,1,0.58852
354,2,0.1523
356,1,-0.16108
356,2,0.20124
357,1,0.47492
357,2,-0.221
358,1,0.90539
358,2,0.84693
364,1,0.38864
364,2,1.3509
376,1,0.69778
376,2,0.45359
379,1,0.33716
379,2,0.86925
383,1,-0.29911
383,2,-0.21572
389,1,0.22847
389,2,0.88781
410,1,-0.067994
410,2,0.27539
411,1,0.37426
411,2,0.44055
425,1,0.27443
425,2,0.50336
426,1,1.299
426,2,-0.25351
427,1,0.49033
427,2,1.3968
429,1,0.79901
429,2,0.66767
431,1,0.20124
431,2,-0.41269
433,1,0.24967
433,2,1.2606
436,1,0.18087
436,2,0.31067
441,1,0.69393
441,2,0.38442
446,1,-0.086507
446,2,-0.069412
448,1,0.94925
448,2,0.75029
451,1,0.50945
451,2,0.13366
457,1,0.076289
457,2,0.63758
460,1,0.18135
460,2,-0.42591
466,1,0.241
466,2,0.3117
470,1,0.87567
470,2,0.072955
472,1,0.52766
472,2,0.27948
475,1,0.40772
475,2,0.47507
497,1,1.4153
497,2,0.48559
