2,2,1.0608,0.63909,0.66933
15,2,0.72068,0.64805,0.91458
37,1,0.44261,0.86646,0.36498
37,2,-1.2969,-1.1753,-0.59594
38,2,-0.21521,0.38029,0.10866
40,1,0.9458,0.75083,0.21185
40,2,1.163,1.333,0.29001
43,1,0.26144,0.17957,0.36422
43,2,0.27415,0.14375,0.43199
49,1,1.0464,1.1703,1.4674
49,2,1.2538,0.48371,0.56249
62,2,0.71193,0.1115,0.33596
70,1,1.1091,1.1146,1.9073
75,1,-1.8748,-1.2786,-0.37512
75,2,-0.068648,0.31803,1.3222
79,1,-1.9205,-0.047045,-0.62441
81,1,1.8175,1.2278,0.090252
81,2,-0.79469,-0.015318,-0.36622
82,1,0.95555,0.66508,0.91891
86,1,0.67137,0.54612,0.90048
86,2,1.0183,1.2753,1.4132
90,1,1.3599,0.0059928,0.053895
90,2,0.45913,0.46635,1.8158
94,1,0.73422,1.0033,0.83789
94,2,1.9793,0.52819,0.11715
115,1,-0.39117,-1.4085,-1.013
115,2,0.45144,0.062996,0.4058
127,1,0.85343,0.30019,-0.17796
127,2,0.10452,0.46779,0.61741
129,1,1.0728,0.99081,1.1888
129,2,-0.21049,0.26997,-0.059308
137,2,0.93832,0.57701,0.61329
140,1,1.6713,0.41006,0.91638
140,2,1.3618,2.218,0.49897
143,1,0.22461,-0.29754,0.08522
143,2,0.53106,0.010087,0.46817
146,1,1.2313,1.6684,0.93885
146,2,-0.52421,-0.47615,-0.36743
156,1,1.0683,1.1355,0.91934
156,2,0.18275,0.063738,-0.5866
164,1,1.4098,1.4222,1.2954
164,2,2.1031,1.4439,1.0306
2,1,2.2627,1.3589,1.0493
15,1,0.58045,0.56996,0.40364
38,1,0.71266,-0.10954,-0.50676
104,1,0.96599,1.5199,1.6698
104,2,1.6263,0.9519,0.88957
165,1,0.51802,0.73491,0.92081
165,2,0.83374,0.9972,1.2648
173,1,1.7689,1.646,1.901
173,2,1.7924,0.67907,0.67607
177,1,0.94415,0.4967,0.38245
177,2,1.8457,0.34419,-0.0030087
188,1,1.6984,0.64171,0.46529
188,2,1.5903,-0.14722,0.47773
190,1,0.79701,0.28321,-0.00016398
190,2,0.060448,-0.25994,-0.27125
191,1,0.16683,-0.081208,-0.17363
191,2,0.764,1.0421,0.67308
194,1,1.08,1.77,0.56204
194,2,-1.0007,0.02299,-0.99739
197,1,0.67224,0.56132,1.0479
197,2,0.21523,-0.54586,0.071934
202,1,0.51034,0.97402,1.3097
202,2,0.21727,-0.84272,-0.61982
210,1,0.27427,0.32451,0.54504
210,2,0.60494,-0.39704,-0.30805
215,1,0.68336,1.1834,0.82422
215,2,0.44812,0.36559,0.48947
222,1,-0.26306,0.1518,-0.081357
222,2,1.0803,0.41998,1.0935
227,1,0.37781,-0.29358,-0.15498
227,2,0.50294,0.29475,-0.56323
229,1,-0.58099,-1.1215,-1.2056
229,2,1.2234,0.64887,0.69694
233,1,0.19225,0.33132,1.0526
233,2,2.1265,1.1679,2.1051
240,1,0.53673,0.35787,0.23915
240,2,-0.67576,0.0089873,-0.3038
245,1,1.4506,0.74929,1.0369
245,2,1.0415,0.55137,0.17362
249,1,1.1213,0.0052143,0.045759
249,2,1.179,0.57626,0.84424
250,1,0.64205,0.75434,0.59961
250,2,1.5453,0.77486,0.032287
253,1,-0.50168,-0.44006,-0.30033
253,2,1.4347,0.69167,0.49126
263,1,0.32221,0.7403,0.94384
267,1,0.68809,0.23713,0.36877
267,2,-0.55111,0.36683,0.031035
276,1,-0.045902,1.717,1.4218
276,2,0.873,-0.48043,-1.0439
286,1,3.747,0.50436,1.7321
286,2,0.7817,-1.0284,-0.67174
295,1,-0.71185,-0.33853,-0.14846
295,2,-0.20373,0.90086,0.54315
299,1,-0.29922,0.52021,-0.40672
299,2,0.86293,0.76849,0.28325
306,1,-0.15164,-0.33061,0.21256
306,2,-0.029368,1.0493,0.20016
313,1,-0.37822,1.7136,1.615
313,2,-0.41872,2.2937,1.7138
315,1,-1.4201,-1.2912,-0.37414
315,2,0.55279,0.76559,0.86648
342,1,0.31156,0.56034,-0.41931
342,2,0.38908,1.0968,1.2382
352,1,-0.39947,-0.050556,-0.13633
352,2,-0.060947,0.23197,0.23467
354,1,-0.15629,0.33233,0.81887
354,2,-0.48837,0.23963,0.24552
356,1,-0.30278,-0.48297,0.013117
356,2,0.22767,-0.074742,0.43923
357,1,1.7312,0.50919,0.41848
357,2,0.28677,0.96352,0.24446
358,1,1.3077,1.1435,0.3558
358,2,0.37528,0.29447,0.23278
364,1,0.56074,0.8221,1.1428
364,2,1.6156,0.68309,1.8724
376,1,-0.89749,0.037451,0.97652
376,2,-0.077317,0.53102,0.51624
379,1,0.40278,-0.059861,0.33002
379,2,1.1088,0.44411,1.1512
383,1,-0.063212,0.032787,0.059678
383,2,-0.57193,-0.2296,-0.48624
389,1,0.65764,-0.3614,-0.28864
389,2,0.24202,0.53024,0.73605
410,1,1.9006,-0.8548,-0.58724
410,2,0.86195,0.47337,0.43861
411,1,-0.37396,0.64698,0.97468
411,2,0.1922,0.49996,-0.048361
425,1,1.4272,-0.30041,-0.16091
425,2,0.8359,0.73029,0.81942
426,1,1.2702,2.363,1.3692
426,2,-0.96434,0.15786,-0.23159
427,1,0.33652,0.063029,0.33778
427,2,1.3262,2.3244,2.243
429,1,0.50817,1.4373,1.1847
429,2,1.2652,0.81045,0.69165
431,1,0.2226,0.0092919,0.15888
431,2,-0.19846,0.35366,-0.45668
433,1,1.0535,0.26706,0.26403
433,2,1.3109,1.7034,2.3119
436,1,0.8031,0.86675,0.68141
436,2,1.6949,0.48466,0.41495
441,1,0.89949,0.32615,1.0602
441,2,1.2904,1.2036,0.76637
446,1,-0.43567,-0.34476,-0.029789
446,2,0.14806,0.4901,-0.50591
448,1,0.90428,0.81967,1.244
448,2,0.38286,0.20829,0.46401
451,1,0.68423,0.70081,1.4285
451,2,0.78279,0.38835,0.71915
457,1,0.56815,-0.17901,-0.42358
457,2,0.97098,-0.12965,0.8015
460,1,0.5113,0.61806,0.60819
460,2,0.67041,-0.049975,-0.59265
466,1,-0.40848,0.99243,0.96689
466,2,-1.1286,0.22124,0.15404
470,1,1.1375,1.2488,1.0747
470,2,0.023359,0.29006,-0.14422
472,1,0.36144,0.57478,1.0816
472,2,0.91681,1.6114,0.56368
475,1,1.1099,0.24203,0.57716
475,2,0.8912,0.034605,0.34817
497,1,1.3834,0.83123,1.1517
497,2,1.3393,0.5326,0.7137
