2,2,1.0552
15,2,0.19214
37,1,0.48636
37,2,-0.91486
38,2,0.57664
40,1,0.0070199
40,2,0.0023933
43,1,0.39054
43,2,0.36536
49,1,0.55705
49,2,-0.28884
62,2,0.27145
70,1,-0.18525
75,1,-0.76881
75,2,0.2587
79,1,0.65011
81,1,2.3582
81,2,-0.26701
82,1,0.048643
86,1,0.45663
86,2,0.32276
90,1,-0.081186
90,2,1.043
94,1,0.61635
94,2,0.47348
115,1,-0.17805
115,2,-0.015485
127,1,-0.039899
127,2,0.075005
129,1,0.44908
129,2,0.099393
137,2,1.261
140,1,0.30478
140,2,0.021048
143,1,0.29887
143,2,-0.022723
146,1,0.16276
146,2,-0.11318
156,1,-0.69252
156,2,-0.31851
164,1,0.27986
164,2,0.5173
2,1,0.3737
15,1,0.45612
38,1,0.20517
104,1,0.50224
104,2,0.23858
165,1,0.79816
165,2,-0.31453
173,1,0.6278
173,2,1.2998
177,1,0.37758
177,2,0.3789
188,1,1.0175
188,2,0.85386
190,1,0.36439
190,2,-0.28613
191,1,0.65364
191,2,-0.14882
194,1,0.080027
194,2,-0.84731
197,1,-0.85723
197,2,-0.38388
202,1,0.24067
202,2,-0.57264
210,1,0.14133
210,2,0.62581
215,1,0.30801
215,2,-0.08683
222,1,0.38131
222,2,0.23174
227,1,0.16752
227,2,0.36527
229,1,-0.093176
229,2,0.20341
233,1,0.017477
233,2,-0.76493
240,1,0.29857
240,2,0.20179
245,1,0.14065
245,2,-0.061035
249,1,0.78873
249,2,0.50033
250,1,-0.10456
250,2,-0.092921
253,1,-0.066143
253,2,0.63784
263,1,0.076569
267,1,0.72091
267,2,-0.51498
276,1,0.87798
276,2,1.0823
286,1,0.80128
286,2,1.6794
295,1,0.0066708
295,2,0.065603
299,1,-0.67177
299,2,0.48734
306,1,-0.026044
306,2,0.26227
313,1,-0.5912
313,2,-1.1949
315,1,-0.74542
315,2,-0.049996
342,1,0.4606
342,2,-0.25898
352,1,-0.44412
352,2,-0.58219
354,1,-0.2314
354,2,0.21861
356,1,-0.0085289
356,2,0.10378
357,1,0.46817
357,2,-0.2843
358,1,0.44669
358,2,0.062044
364,1,0.014154
364,2,0.58499
376,1,-0.50315
376,2,0.52426
379,1,0.34812
379,2,0.14344
383,1,-0.43906
383,2,-0.39289
389,1,0.35978
389,2,-0.03075
410,1,0.74973
410,2,0.27723
411,1,0.28087
411,2,0.0042634
425,1,-0.0033581
425,2,-0.39703
426,1,1.1528
426,2,-0.017807
427,1,0.17179
427,2,-0.39243
429,1,-0.010464
429,2,0.02513
431,1,0.11302
431,2,-0.40202
433,1,0.14623
433,2,0.57511
436,1,0.21226
436,2,-0.013784
441,1,0.46243
441,2,0.98968
446,1,0.039946
446,2,0.43632
448,1,0.20692
448,2,-0.3214
451,1,-0.28049
451,2,0.18405
457,1,0.21196
457,2,0.49193
460,1,-0.1528
460,2,-0.13125
466,1,-0.18642
466,2,0.41765
470,1,0.59905
470,2,-0.13725
472,1,-0.26486
472,2,0.33208
475,1,0.20404
475,2,0.63932
497,1,0.64118
497,2,0.21837
