2,2,0.54495
15,2,0.32256
37,1,0.3304
37,2,-0.95924
38,2,0.07487
40,1,0.26369
40,2,0.47518
43,1,0.18355
43,2,0.17523
49,1,0.62061
49,2,0.5237
62,2,0.15641
70,1,0.9398
75,1,-0.57593
75,2,0.23766
79,1,-0.68004
81,1,0.40284
81,2,-0.34096
82,1,0.4061
86,1,0.12453
86,2,0.226
90,1,0.11193
90,2,0.10435
94,1,0.42718
94,2,0.66353
115,1,-0.73252
115,2,0.20265
127,1,0.37553
127,2,0.39973
129,1,0.74615
129,2,0.19812
137,2,0.24025
140,1,0.28782
140,2,0.67142
143,1,0.22252
143,2,0.15387
146,1,0.50265
146,2,-0.31409
156,1,0.41397
156,2,-0.47919
164,1,0.66973
164,2,1.0659
2,1,1.1769
15,1,0.092373
38,1,0.171
104,1,1.037
104,2,0.92792
165,1,0.62079
165,2,0.90866
173,1,1.106
173,2,0.74282
177,1,0.56998
177,2,0.70467
188,1,0.44838
188,2,0.60782
190,1,0.22588
190,2,-0.072568
191,1,0.30579
191,2,0.77538
194,1,0.83301
194,2,-0.65829
197,1,0.38761
197,2,-0.094964
202,1,0.55662
202,2,0.20438
210,1,0.4124
210,2,0.14563
215,1,0.5697
215,2,0.42449
222,1,0.036973
222,2,0.49491
227,1,0.048974
227,2,-0.068722
229,1,-0.72632
229,2,0.49222
233,1,0.24411
233,2,1.0023
240,1,0.056237
240,2,-0.16466
245,1,0.60125
245,2,0.28897
249,1,0.19179
249,2,0.30784
250,1,0.51999
250,2,0.5487
253,1,-0.2262
253,2,0.37617
263,1,0.3912
267,1,0.46679
267,2,0.36608
276,1,0.90652
276,2,-0.16876
286,1,1.7959
286,2,0.59636
295,1,-0.26996
295,2,0.14466
299,1,-0.042792
299,2,0.65814
306,1,0.26366
306,2,0.43522
313,1,0.28367
313,2,0.57731
315,1,-0.71948
315,2,0.623
342,1,-0.021342
342,2,0.51935
352,1,-0.1551
352,2,0.11141
354,1,0.15106
354,2,-0.17051
356,1,-0.20085
356,2,0.016536
357,1,1.3647
357,2,0.0058835
358,1,0.92612
358,2,0.2197
364,1,0.53005
364,2,1.0844
376,1,-0.095124
376,2,0.058715
379,1,0.30346
379,2,0.94252
383,1,-0.2977
383,2,-0.4021
389,1,0.094176
389,2,0.12504
410,1,0.305
410,2,0.55222
411,1,0.023818
411,2,0.19161
425,1,0.86563
425,2,0.74414
426,1,1.2039
426,2,-0.15134
427,1,0.47391
427,2,1.4217
429,1,0.9841
429,2,1.2733
431,1,-0.18679
431,2,0.1273
433,1,0.49294
433,2,1.2049
436,1,0.35299
436,2,0.70926
441,1,0.62234
441,2,1.0264
446,1,-0.12416
446,2,-0.004596
448,1,0.80567
448,2,0.33099
451,1,0.68407
451,2,0.13512
457,1,0.27419
457,2,0.23535
460,1,0.30603
460,2,0.15051
466,1,0.31744
466,2,-0.24
470,1,0.83583
470,2,-0.091767
472,1,0.49371
472,2,0.61211
475,1,0.58969
475,2,0.74468
497,1,1.0549
497,2,0.75427
