2,2,0.513
15,2,0.49575
37,1,0.27957
37,2,-0.63731
38,2,0.69612
40,1,0.30716
40,2,0.32486
43,1,0.47772
43,2,0.50253
49,1,0.08507
49,2,-0.29145
62,2,0.27177
70,1,0.48724
75,1,-0.14066
75,2,0.90288
79,1,0.52294
81,1,0.5012
81,2,-0.15307
82,1,-0.017996
86,1,0.41897
86,2,0.070528
90,1,-0.16608
90,2,0.83425
94,1,0.28358
94,2,0.13883
115,1,-0.43013
115,2,0.0090028
127,1,0.058311
127,2,0.32305
129,1,0.55939
129,2,0.09865
137,2,1.078
140,1,-0.37457
140,2,-0.049462
143,1,0.024807
143,2,0.078938
146,1,0.12664
146,2,0.14327
156,1,0.16781
156,2,-0.621
164,1,0.12019
164,2,0.83914
2,1,0.54499
15,1,0.27221
38,1,0.23046
104,1,0.57038
104,2,0.24475
165,1,0.22807
165,2,-0.29364
173,1,0.44961
173,2,0.57632
177,1,0.44818
177,2,0.43603
188,1,0.37799
188,2,0.33687
190,1,0.11206
190,2,-0.46107
191,1,0.28493
191,2,-0.022549
194,1,0.15883
194,2,-0.83634
197,1,-0.0024267
197,2,0.13708
202,1,0.30802
202,2,-0.61668
210,1,0.12575
210,2,0.15041
215,1,0.2655
215,2,0.4555
222,1,0.63501
222,2,0.17217
227,1,0.24922
227,2,0.10656
229,1,0.18673
229,2,0.68328
233,1,0.13564
233,2,0.0096245
240,1,0.41836
240,2,0.11711
245,1,0.61751
245,2,0.15336
249,1,0.50481
249,2,0.26892
250,1,-0.29595
250,2,0.10829
253,1,-0.22433
253,2,0.14593
263,1,0.020264
267,1,0.34416
267,2,0.06829
276,1,0.63315
276,2,0.6138
286,1,0.90672
286,2,0.38355
295,1,0.46242
295,2,0.64575
299,1,-1.9775
299,2,0.53359
306,1,0.42197
306,2,0.67879
313,1,-0.69701
313,2,0.47873
315,1,-0.19045
315,2,0.34235
342,1,0.14649
342,2,0.26282
352,1,0.12328
352,2,-0.1955
354,1,0.0043247
354,2,0.15577
356,1,-0.059763
356,2,0.35504
357,1,0.88306
357,2,0.092029
358,1,0.18152
358,2,0.49686
364,1,0.35508
364,2,0.51791
376,1,-0.62176
376,2,0.4043
379,1,0.082107
379,2,-0.0038874
383,1,-0.2484
383,2,-0.18348
389,1,0.224
389,2,-0.002617
410,1,0.58278
410,2,0.30883
411,1,-0.0072342
411,2,0.34197
425,1,-0.37545
425,2,0.05903
426,1,1.0134
426,2,-0.096515
427,1,0.22205
427,2,-0.52441
429,1,0.47981
429,2,0.1515
431,1,0.033604
431,2,0.031955
433,1,-0.034264
433,2,0.089732
436,1,0.52123
436,2,0.11059
441,1,0.099623
441,2,0.26638
446,1,-0.12334
446,2,0.25205
448,1,0.14164
448,2,-0.0010393
451,1,-0.21313
451,2,0.21159
457,1,-0.0027093
457,2,0.37198
460,1,-0.0096791
460,2,0.1438
466,1,-0.18283
466,2,0.3926
470,1,0.28364
470,2,-0.0038509
472,1,0.13121
472,2,0.15348
475,1,-0.19724
475,2,0.35559
497,1,0.40943
497,2,0.48384
