                    lhs op                  rhs block level    est    se      z pvalue ci.lower ci.upper std.lv std.all std.nox
1                 Sleep =~ DeprivationCondition     1     1  1.000 0.000     NA     NA    1.000    1.000  0.500   1.000   1.000
2               Empathy =~                  Unp     1     1  1.000 0.000     NA     NA    1.000    1.000  0.967   1.000   1.000
3   Emotional_Contagion =~            Happiness     1     1  1.000 0.000     NA     NA    1.000    1.000  0.323   0.333   0.333
4   Emotional_Contagion =~                Anger     1     1  1.435 0.415  3.461  0.001    0.622    2.247  0.463   0.503   0.503
5  Emotional_regulation =~                Upreg     1     1  1.000 0.000     NA     NA    1.000    1.000  0.712   0.715   0.715
6  Emotional_regulation =~                Downr     1     1  1.688 0.404  4.176  0.000    0.896    2.480  1.202   1.207   1.207
7  DeprivationCondition ~~ DeprivationCondition     1     1  0.000 0.000     NA     NA    0.000    0.000  0.000   0.000   0.000
8                   Unp ~~                  Unp     1     1  0.000 0.000     NA     NA    0.000    0.000  0.000   0.000   0.000
9             Happiness ~~            Happiness     1     1  0.837 0.110  7.594  0.000    0.621    1.053  0.837   0.889   0.889
10                Anger ~~                Anger     1     1  0.635 0.118  5.363  0.000    0.403    0.867  0.635   0.747   0.747
11                Upreg ~~                Upreg     1     1  0.485 0.128  3.784  0.000    0.234    0.736  0.485   0.489   0.489
12                Downr ~~                Downr     1     1 -0.453 0.329 -1.376  0.169   -1.099    0.192 -0.453  -0.457  -0.457
13                Sleep ~~                Sleep     1     1  0.250 0.030  8.276  0.000    0.191    0.309  1.000   1.000   1.000
14              Empathy ~~              Empathy     1     1  0.935 0.113  8.276  0.000    0.714    1.157  1.000   1.000   1.000
15  Emotional_Contagion ~~  Emotional_Contagion     1     1  0.104 0.068  1.532  0.125   -0.029    0.238  1.000   1.000   1.000
16 Emotional_regulation ~~ Emotional_regulation     1     1  0.508 0.155  3.280  0.001    0.204    0.811  1.000   1.000   1.000
17                Sleep ~~              Empathy     1     1 -0.006 0.041 -0.138  0.890   -0.087    0.075 -0.012  -0.012  -0.012
18                Sleep ~~  Emotional_Contagion     1     1 -0.041 0.027 -1.549  0.121   -0.094    0.011 -0.256  -0.256  -0.256
19                Sleep ~~ Emotional_regulation     1     1 -0.006 0.024 -0.250  0.803   -0.053    0.041 -0.017  -0.017  -0.017
20              Empathy ~~  Emotional_Contagion     1     1  0.272 0.077  3.528  0.000    0.121    0.424  0.872   0.872   0.872
21              Empathy ~~ Emotional_regulation     1     1 -0.166 0.074 -2.249  0.025   -0.311   -0.021 -0.241  -0.241  -0.241
22  Emotional_Contagion ~~ Emotional_regulation     1     1 -0.109 0.051 -2.156  0.031   -0.208   -0.010 -0.474  -0.474  -0.474
23 DeprivationCondition ~1                          1     1  1.496 0.043 35.030  0.000    1.413    1.580  1.496   2.993   2.993
24                  Unp ~1                          1     1 -0.019 0.083 -0.230  0.818   -0.181    0.143 -0.019  -0.020  -0.020
25            Happiness ~1                          1     1  0.005 0.083  0.056  0.955   -0.158    0.167  0.005   0.005   0.005
26                Anger ~1                          1     1 -0.206 0.079 -2.620  0.009   -0.361   -0.052 -0.206  -0.224  -0.224
27                Upreg ~1                          1     1  0.000 0.085  0.000  1.000   -0.167    0.167  0.000   0.000   0.000
28                Downr ~1                          1     1  0.000 0.085  0.000  1.000   -0.167    0.167  0.000   0.000   0.000
29                Sleep ~1                          1     1  0.000 0.000     NA     NA    0.000    0.000  0.000   0.000   0.000
30              Empathy ~1                          1     1  0.000 0.000     NA     NA    0.000    0.000  0.000   0.000   0.000
31  Emotional_Contagion ~1                          1     1  0.000 0.000     NA     NA    0.000    0.000  0.000   0.000   0.000
32 Emotional_regulation ~1                          1     1  0.000 0.000     NA     NA    0.000    0.000  0.000   0.000   0.000
33                  Age =~             AgeGroup     2     2  1.000 0.000     NA     NA    1.000    1.000  0.471   1.000   1.000
34             AgeGroup ~~             AgeGroup     2     2  0.000 0.000     NA     NA    0.000    0.000  0.000   0.000   0.000
35                  Age ~~                  Age     2     2  0.222 0.038  5.874  0.000    0.148    0.296  1.000   1.000   1.000
36             AgeGroup ~1                          2     2  1.667 0.057 29.368  0.000    1.555    1.778  1.667   3.536   3.536
37                  Age ~1                          2     2  0.000 0.000     NA     NA    0.000    0.000  0.000   0.000   0.000
