                   lhs op                 rhs label     est     se      z pvalue ci.lower ci.upper std.lv std.all std.nox
1   EmotionalContagion =~               Anger     A   1.000  0.000     NA     NA    1.000    1.000  0.145   0.148   0.148
2   EmotionalContagion =~           Happiness     A   1.000  0.000     NA     NA    1.000    1.000  0.145   0.144   0.144
3   EmotionalContagion =~           FFA_angry     B   4.510  3.115  1.448  0.148   -1.595   10.616  0.654   0.704   0.704
4   EmotionalContagion =~           FFA_happy     B   4.510  3.115  1.448  0.148   -1.595   10.616  0.654   0.621   0.621
5   EmotionalContagion =~           Amy_angry     B   4.510  3.115  1.448  0.148   -1.595   10.616  0.654   0.663   0.663
6   EmotionalContagion =~           Amy_happy     B   4.510  3.115  1.448  0.148   -1.595   10.616  0.654   0.636   0.636
7   EmotionalContagion =~                 Zyg     C   0.977  1.000  0.978  0.328   -0.982    2.936  0.142   0.144   0.144
8   EmotionalContagion =~                Corr     C   0.977  1.000  0.978  0.328   -0.982    2.936  0.142   0.142   0.142
9              Empathy =~                 Unp     D   1.000  0.000     NA     NA    1.000    1.000  0.065   0.065   0.065
10             Empathy =~                  AI     E -13.066 24.425 -0.535  0.593  -60.939   34.807 -0.846  -0.846  -0.846
11             Empathy =~                 ACC     E -13.066 24.425 -0.535  0.593  -60.939   34.807 -0.846  -0.855  -0.855
12 EmotionalRegulation =~               Downr     F   1.000  0.000     NA     NA    1.000    1.000  0.924   0.936   0.936
13 EmotionalRegulation =~               Upreg     F   1.000  0.000     NA     NA    1.000    1.000  0.924   0.923   0.923
14 EmotionalRegulation =~            Amy_down     G   0.140  0.077  1.821  0.069   -0.011    0.291  0.130   0.132   0.132
15 EmotionalRegulation =~                lOFC     G   0.140  0.077  1.821  0.069   -0.011    0.291  0.130   0.130   0.130
16 EmotionalRegulation =~               dlPFC     G   0.140  0.077  1.821  0.069   -0.011    0.291  0.130   0.130   0.130
17               Anger ~~               Anger         0.939  0.148  6.363  0.000    0.650    1.228  0.939   0.978   0.978
18           Happiness ~~           Happiness         0.997  0.154  6.491  0.000    0.696    1.298  0.997   0.979   0.979
19           FFA_angry ~~           FFA_angry         0.435  0.130  3.342  0.001    0.180    0.690  0.435   0.504   0.504
20           FFA_happy ~~           FFA_happy         0.682  0.175  3.892  0.000    0.339    1.026  0.682   0.615   0.615
21           Amy_angry ~~           Amy_angry         0.545  0.154  3.546  0.000    0.244    0.846  0.545   0.560   0.560
22           Amy_happy ~~           Amy_happy         0.629  0.164  3.845  0.000    0.308    0.949  0.629   0.595   0.595
23                 Zyg ~~                 Zyg         0.946  0.174  5.441  0.000    0.605    1.287  0.946   0.979   0.979
24                Corr ~~                Corr         0.982  0.196  5.016  0.000    0.598    1.366  0.982   0.980   0.980
25                 Unp ~~                 Unp         0.984  0.150  6.550  0.000    0.690    1.279  0.984   0.996   0.996
26                  AI ~~                  AI         0.284  0.091  3.119  0.002    0.105    0.462  0.284   0.284   0.284
27                 ACC ~~                 ACC         0.264  0.089  2.952  0.003    0.089    0.439  0.264   0.270   0.270
28               Downr ~~               Downr         0.120  0.062  1.916  0.055   -0.003    0.242  0.120   0.123   0.123
29               Upreg ~~               Upreg         0.148  0.064  2.299  0.021    0.022    0.273  0.148   0.148   0.148
30            Amy_down ~~            Amy_down         0.949  0.155  6.126  0.000    0.645    1.253  0.949   0.983   0.983
31                lOFC ~~                lOFC         0.983  0.160  6.149  0.000    0.670    1.296  0.983   0.983   0.983
32               dlPFC ~~               dlPFC         0.978  0.159  6.149  0.000    0.666    1.290  0.978   0.983   0.983
33  EmotionalContagion ~~  EmotionalContagion         0.021  0.029  0.721  0.471   -0.036    0.078  1.000   1.000   1.000
34             Empathy ~~             Empathy         0.004  0.016  0.267  0.789   -0.027    0.035  1.000   1.000   1.000
35 EmotionalRegulation ~~ EmotionalRegulation         0.853  0.157  5.424  0.000    0.545    1.161  1.000   1.000   1.000
36  EmotionalContagion ~~             Empathy         0.000  0.002  0.234  0.815   -0.003    0.004  0.042   0.042   0.042
37  EmotionalContagion ~~ EmotionalRegulation         0.007  0.020  0.343  0.732   -0.032    0.046  0.051   0.051   0.051
38             Empathy ~~ EmotionalRegulation        -0.006  0.015 -0.423  0.672   -0.035    0.022 -0.103  -0.103  -0.103
39               Anger ~1                             0.000  0.106  0.000  1.000   -0.207    0.207  0.000   0.000   0.000
40           Happiness ~1                             0.000  0.109  0.000  1.000   -0.213    0.213  0.000   0.000   0.000
41           FFA_angry ~1                            -0.013  0.112 -0.114  0.909   -0.232    0.206 -0.013  -0.014  -0.014
42           FFA_happy ~1                            -0.013  0.127 -0.101  0.920   -0.261    0.236 -0.013  -0.012  -0.012
43           Amy_angry ~1                            -0.013  0.119 -0.107  0.914   -0.245    0.220 -0.013  -0.013  -0.013
44           Amy_happy ~1                            -0.013  0.124 -0.103  0.918   -0.255    0.230 -0.013  -0.012  -0.012
45                 Zyg ~1                             0.000  0.126  0.000  1.000   -0.246    0.246  0.000   0.000   0.000
46                Corr ~1                            -0.001  0.140 -0.004  0.997   -0.275    0.274 -0.001  -0.001  -0.001
47                 Unp ~1                             0.000  0.107  0.000  1.000   -0.210    0.210  0.000   0.000   0.000
48                  AI ~1                            -0.003  0.110 -0.027  0.978   -0.218    0.212 -0.003  -0.003  -0.003
49                 ACC ~1                            -0.003  0.109 -0.027  0.978   -0.216    0.210 -0.003  -0.003  -0.003
50               Downr ~1                             0.003  0.119  0.027  0.979   -0.229    0.235  0.003   0.003   0.003
51               Upreg ~1                             0.003  0.120  0.026  0.979   -0.232    0.239  0.003   0.003   0.003
52            Amy_down ~1                            -0.002  0.113 -0.021  0.983   -0.223    0.218 -0.002  -0.002  -0.002
53                lOFC ~1                            -0.002  0.115 -0.021  0.983   -0.227    0.222 -0.002  -0.002  -0.002
54               dlPFC ~1                            -0.002  0.114 -0.021  0.983   -0.227    0.222 -0.002  -0.002  -0.002
55  EmotionalContagion ~1                             0.000  0.000     NA     NA    0.000    0.000  0.000   0.000   0.000
56             Empathy ~1                             0.000  0.000     NA     NA    0.000    0.000  0.000   0.000   0.000
57 EmotionalRegulation ~1                             0.000  0.000     NA     NA    0.000    0.000  0.000   0.000   0.000
