"ME";"RN";"BE";"CN";"SOI";"FE";"STI";"C";"VR";"DR";"IR15";"Subject"
38;29;21;30;51;43;40;30;37;10;11;9001
36;23;19;42;29;35;34;32;31;15;10;9002
26;28;19;42;36;26;38;34;34;13;12;9003
39;37;21;38;42;38;42;30;35;15;10;9004
31;24;24;45;47;28;44;32;34;10;8;9005
34;38;19;31;60;47;41;27;32;12;7;9007
26;31;15;38;50;40;43;37;34;11;13;9008
26;23;15;31;42;34;47;31;37;11;9;9009
30;22;19;33;35;36;32;26;37;11;11;9011
52;48;35;43;44;30;26;40;30;29;18;9012
32;28;21;38;50;30;34;32;36;11;8;9014
43;35;32;41;44;40;39;43;28;17;15;9016
46;31;26;30;59;30;35;31;33;14;6;9018
37;36;20;41;37;29;41;29;30;10;12;9019
25;25;17;33;39;16;42;38;34;12;12;9020
34;41;23;29;43;26;34;34;30;13;9;9021
28;22;16;35;45;27;43;40;42;10;12;9023
36;31;21;40;46;28;36;30;28;10;7;9025
29;32;22;47;43;18;36;28;32;11;10;9026
39;49;26;37;59;43;30;27;24;11;12;9028
27;19;21;30;43;22;36;23;32;10;11;9029
34;26;17;33;48;35;42;34;35;11;12;9032
32;34;19;32;52;42;40;32;36;14;6;9033
31;31;28;36;53;33;37;29;33;13;13;9034
57;34;17;29;58;48;42;49;33;11;8;9035
43;39;36;33;57;47;35;38;38;13;9;9037
31;21;22;35;25;19;29;30;30;13;7;9038
24;33;17;38;33;44;45;33;35;11;10;9039
42;39;23;39;42;37;37;29;38;11;13;9040
34;35;20;35;45;43;32;29;28;12;10;9041
24;25;17;36;45;25;40;23;30;10;7;9042
36;32;22;36;42;32;36;27;33;12;9;9043
44;40;36;38;43;30;33;48;27;13;12;9044
31;29;22;37;52;36;45;32;39;13;8;9045
32;24;23;38;38;27;36;27;33;13;4;9046
32;29;17;36;37;35;40;37;28;10;13;9047
35;21;16;32;44;25;40;34;37;11;10;9048
29;26;17;32;25;15;30;27;34;13;9;9049
48;43;26;41;37;36;32;33;23;13;11;9050
48;38;25;28;54;36;34;32;35;12;13;9051
49;40;22;35;42;42;35;39;28;14;9;9053
25;16;18;26;46;21;40;35;40;10;10;9054
36;41;17;35;38;47;43;37;25;10;12;9055
46;38;23;32;55;50;37;39;27;11;6;9056
30;29;20;37;36;38;40;32;35;12;4;9058
41;33;23;29;52;24;34;29;29;10;7;9059
41;47;34;29;48;40;30;26;28;10;5;9061
38;38;26;32;51;38;33;31;30;13;15;9062
34;43;17;37;43;44;39;33;32;13;9;9063
33;29;15;29;54;29;45;32;43;10;14;9064
33;31;17;42;39;22;40;34;33;11;9;9065
43;35;22;45;43;22;27;30;26;13;12;9066
40;40;19;42;39;47;33;26;28;10;9;9067
40;33;23;24;54;40;43;37;34;13;14;9068
39;29;16;41;34;30;40;28;28;10;12;9069
33;48;20;54;39;45;36;22;28;14;19;9070
38;35;29;28;44;46;36;28;34;11;9;9071
45;35;24;33;55;18;33;28;29;13;11;9072
47;24;22;34;53;40;39;41;28;11;14;9073
46;31;23;38;51;27;26;25;25;11;12;9074
33;29;19;41;41;34;42;40;34;13;9;9075
34;42;20;34;47;38;41;32;35;13;20;9076
39;50;21;42;55;29;37;35;29;16;15;9077
36;24;20;32;59;38;45;35;35;11;11;9078
33;30;19;47;53;30;40;31;30;10;13;9079
36;28;25;27;41;35;39;37;25;11;14;9080
53;38;28;45;45;37;41;44;29;17;10;9081
31;21;18;22;51;15;41;28;37;10;11;9082
54;35;26;30;44;48;32;42;27;11;7;9083
36;36;19;29;44;40;27;32;27;10;8;9084
49;43;21;38;41;28;33;40;26;10;8;9085
29;28;20;39;37;23;39;36;32;12;14;9086
27;25;16;30;55;37;47;24;33;10;10;9087
37;33;15;25;45;36;41;36;33;10;12;9088
37;48;18;36;51;37;48;31;33;10;14;9089
42;33;28;46;31;32;37;32;31;11;6;9090
43;37;24;33;54;50;47;49;33;12;6;9092
24;23;17;36;31;27;36;39;37;14;5;9093
38;28;20;36;43;21;32;27;32;11;8;9094
31;19;17;30;29;20;36;33;41;10;10;9095
25;20;18;39;36;20;42;39;35;11;11;9096
31;24;24;35;51;26;46;43;38;13;17;9098
28;47;16;38;47;40;35;36;31;11;10;9100
